         | 15
---------|---
 5  3  4 | 12
 1  5  8 | 14
 6  4  2 | 12
---------|---
12 12 14 | 12
7: 7
         | 15
---------|---
 4  9  2 | 15
 3  5  7 | 15
 8  1  5 | 14
---------|---
15 15 14 | 14
1: 1
         | 13
---------|---
 4  8  2 | 14
 4  5  7 | 16
 6  1  6 | 13
---------|---
14 14 15 | 15
4: 4

         | 13
---------|---
 4  5  8 | 17
 2  4  1 | 7
 1  9  7 | 17
---------|---
7 18 16 | 15
row: [4, 5, 8], offset: 2
row: [2, 4, 1], offset: 8
row: [1, 9, 7], offset: 2
total row offset: 12
14: 0



